2222222222
2121000512
2025500002
2020022222
2050010002
2000040002
2002220002
2500000002
2000510012
2222222222
----------0
2222222222
2222222222
2420000512
2020022222
2020000022
2020000002
2022220002
2000000002
2000000512
2222222222
----------1
2222222222
2000000002
2002222002
2000512002
2002222002
2000042002
2002222002
2000000002
2000000002
2222222222
----------2
2222222222
2002120002
2002120002
2002120002
2000000002
2005000002
2000050002
2005000002
2000040002
2222222222
----------3
2222222222
2101010102
2055055002
2000000002
2020202002
2002220002
2000400002
2000200002
2000200002
2222222222
----------4
2222222222
2100000002
2222222002
2000000002
2000000002
2002222222
2000000002
2000002502
2002402002
2222222222
----------5
2222222222
2001000002
2155215012
2000020002
2520215022
2012120512
2050502002
2050050252
2110210572
2222222222
----------6
2222222222
2001000002
2155215012
2000020002
2520215022
2012120512
2050502002
2000050252
2100210572
2222222222
----------7